92
5
25
9
87
3
6
2
7
9
8
4
34
812
7
5
07
3
762
637
08
33
377
58
6
9094
29
21
29
3496
94
9
9
36
93
04
024
25
091
42
11
7
738
5
13
2
2
38
203
0
6
5
9
3
6
5
31
8
2
2
29
91
81202
9
513
09
70
46
7
6
21
4818
0
474
5
52
21
3984461
0
3402
0746
63
964
6
44
2
31
6
7
86
83
61
770
022
2
2
91
1
6
8
55
5
06258
320
4
22
6
7
97
07
8
090
689
36
91
9
8
2
5
3
430
7
12
57
3
9
4
74674
44
1428
0
09
530
2
12
5
7
706
23
32911
09847764
275194326
842545
602
2
5
0
75167
97988
570
8
88
718
0
6
1
1
0
07
3
76
3
51
9
52
1503
04
83
7
5
3
9
6
92
8
52271
21
60
0
1
809
68791
9364
0952
46
51129
65
2
6480
395
60
3
004
8
414287
9
6
65
018
39
36
09
81
933
150
61
4
6
1
662510
0
3944
04
5
709
7298
7
231
44
28
915
4486
63
55
2
5
54
9
2
38
1
372441
6
71
5
613
8
7
5
9
715
7
14
510
39
63
2
29
91051
5
29
0
2
830
4
686408
752
77
23
28
35
29
070
3
80724
2
9
700123
3
9
797
79
23
33
10
895
7
96
91
8
29
55
563
090
55755
3
4
5
06
6
4
9
5
8
5
249
7
7
0
183
1
3159
74472377
084
1537
8
77
0
9
2
7
98
0
92289968
4
7
644
72
170
0
1
370586
1
62
45
697
8252
1892
18
6
034
34
18
2
4
084
8
9
987
2
5
9
7
684
9
8
9
0
00
3
02
6
4
1
0
26
37
6
038
4
3
6
4
5
073
9570532
50
97374
557
957578
5
2
8
1
725
3
72
0
29
1
8
3
43
9
6
22
7
8
2
380
19
8
5
7
206
71
63
56
831
40
8
9
31
2
9
6
34
7
9
6
3
1
5
6
6
6281
3
13
1
08
1
4
1
7
2870
6841
8
3
9
9
16
81
0
52
228
32
3
04
9483
6
2
13
5
9
303
55
56064
87
7625
40
596
3153
29
990
1
7
6
0729
3
3
389
27
1
4
9
71
6
4129
3055
9
9
64
47
9
53
2
4
73
1
12
15
1
7621
34
640
444
32
2
0
782
87
870
0
9
241
1
8
2
6
5
43
1
17
7
97
385
0
66013
33
85559
6
36
26676
7
25
1262
77
79
09
21
66
55164
2
1
9
6
8
773
24
2
3
7
1
84
77
5
1
9866
2016
1
2
55
1
7
9
9465
729
088
6
4
916
207
095163
9
5
24
5477
5
03
1
4
8901
691
372
069
78
82
7
322
52
23
8
4
6
89
7
80
06
0
8
4
2
708
81917
95
5
6
6975
15
4
26
98
95
45
931
6
1
78
8
0
8
778
2
7
88
8
42
3
0303
262
339
0
9506
4
76
415
468
3
07
3
5
0
4
5
87
8
7098
78
880
81
5
5
9
9
39
5
8
56
1
8
1
14
0
0
0
39350
34
8
7
57
1
29
28
3
9
297
2
73
4
984
363
2
05
4
3
6
6
2
8
9
9
6
822
66
81
1
8026
83
848
59
3
936
61852
2196
3501
0
92
3
8
8
96
9003
299
49
7
4904796
8
857
664
5
44
61642
9
2
6
1
1728
084868883
8
4
0
9
66
312
1
27
8
6532
6
6
03
3
16
323632
487
2
6
27
9
8
7
2
0
24
6
9
7
4
6
7
769
4
5606
827
81
760849
752
3
6
5261
792
6087
1
74
9
61
6
269
251
0
9572
9
20
1
183
09
2
6619
0
500
3
20
4
5
21
998
73
1591
3
4
2
81
45
0
4
714
9
82
433
24
1
0
3
3
1
0
1
8
4
49
22
1
00
984
3
3
94
7
2
2
0
43
39
0
6
05
8275
929
367
444
3
7
82
7
1
9
23
349
5
5
9
077
82
3
4
2
1
2
017
07
3
9323
4
8
93
4012
6
41
622006
7
28927
4
7
0
830
52
422723
3
1
77
4
8
3
3
538
73
9
4661
86
9
2
21312
87
8
57
675
1304
71
556
7
86
502
248
57
6
8
4
36
36
8
0373
122
35579
1
7
5
1
1
5
8
6
58
72577336
18336
43
333
4
3
93
0
1
90
1691
32
2
91334
14982
54167
0
51
53
4841716
8
49
49
4
6
24
4
2
07
5
2
65
570
3
19
90
40
2681
6620
11
3
7477
85302
0
35
539950
046953
5
5
60
1
08
6913
94
55
2
3
8
13
4
81
0
405
944
1
79
4859
21
4
701
9
7
6
8
3
27
13
67
35384
8
710
91
38
7
5
6
3
68
6
1
80
473033899
230164
5
9
6
5
59
8363
00
21
70
13
1
206395
9
45
1
182
40248
1
7379939
9
6
685
9
04
6
4
0
6
3
8
4
7
9
1
10
0
805866
6
0
58
9
86
02
30
0
8
6155
9
32
0
2220672
6
1
103
8945
9581
6
8
4
3192
2
6
5
9
72
77
81
2
5
671
47
59
0
399760
94
0
93897
511800
8
4
40
3
8
83
8
14
6
5
6
07
3
248
3
651
8
16368
8
7
4455
15
0
7674
39
8
8
66
58
6
5
5
535
8
04
9
5
231
9
8
85
9
457
4
64
5
1
1
105
66
31
9
677
646
99179717
2
2
021
5
4
5
24
44
4
9
0
5914
4
7
52
4627
4
4
49
9
23
00
53
330
5
71
9486
9
6
5
9216
6
95
01
0
38092
2
0
25525
4
5
44906
548
532
0
29
3
5
373
9
6
750
16
6
2
1
222
6
10
8
6
2
6
8
5
945
8317
6
0
1568
1
94
93
3
09
0
22
6064
179
515
3
9
3
5
16261081
2921
5
2
987
0
10
7030
9
185
4
28420
854
1
26
5
7
38
5
90
9
0
1
4
73
0
50
43
21
778
140
635
929
472
7
795
01
70
502
8
4
1959
0
3435
5
2
0
8827
8
055
8
1
82
7
75
148
754
30
782
81
97
0523
7
3
909
130
3
4
74
32953
3
4
072
6
77557
748
8313
939
7
9
9
8
537
70
2
68
6
60
0
7
71266
1
1
8
0
6
05
1682
6
7
43
45
5
09833
87
9
09
988
5
1
7
9
8
7
8
9
9
6
7934
4
17
5
72
655
063
365
3
1
8
9
5
8
1
4
4
62351
54
6
8071
3518
1
1532
2
1
9
6
028
1
5
0
6
83
3
4
96
6026
84
6
9
9
21
891
6601
0
4
41
04936
9
5
8
5775537
47
5
23
3
1
4
8
37
9274
11071
767
27
5
6
961
754
0
24
66
84
96724
6
067
8837
001
636
1266592
7
18
5
9
73
85078638
58383
6
9
174
4
2
8066
4
5
3
7
36
6
14
6
75
0
2
0
7
0545076
0
9
2
3363
2
7
56
6
39
2
68
628
8900
6
7
857472
41
87
28
9
4
29186
43
2
9
00
7936
025
57
43
96
49
089
2
79
0
61
23
2836
71
4
2
4
3
8
35
9
22
012
1940
9
3
3
35
5
86
8
7
0
6
3
7
7635
642633
2
259
170
688
3127136
2185
8
1
4
6
9169
4745
0
4
5
9
0915
98
4
7
50
3
559
78
2
565
4
7
13
6
046
7
0878
210
8
8
7281
89
41
03
88
78
4
9
0
72
8
04070
4
5
1565735
3
0
47
489
9
2
9
99
5
8
0
4
14
962
2
2
512
742
5
3
823
76
42
82
44
3
6
47
218734
98
22
934
40
56
23
46
75349
5
7
3
30
2
0
5
857
0
5
454
7
13
242
39
7
56
2
31
91
5946
4
640276
46
8
68
6
614
8
1
740
1
4
8
81
2
0
9
965
5
5
98
7
7
9
9
48
71
87
3
7
1707
4
7
0
620545
04
60
00070
75
1
69
029
2
0378
43792
3
21
73
48
73979
4
8
6880
749
7
09
6
47770
46
997
4814
437
1
4
4
40
5991
09
90
485
830
66
44
7
5
365076
9
2486
2872
01
0
2
85
733
4
2
072
85
4
1
0
3
9
5
49
00
2
287
85
3095
2
3
8
7
8
23
9118
34
852
7
321
31
5
0806915
4
16
6
5
325
60
6182
2420
7
066
4
8
96
6
95
9748
7443
0
73
5
08
7
0
83
8
1
0
3860
1
819
3
1
260
3
784
920
5
47874
07
8
484
2
8
5
9
1
7376
2
4535
6
3
6
4
1
1
8035
6
3
8
372
3
63945
7652
9
481
54
9
7
5
9
5
4
5
3
86
2
7343
0
34
255
0
3
2
2
9
1
553
3
429
29
5325
72
4
4
50
9
826
643
3
74
8
9
38
28
220
4
81
9
74
142
372
08
76614
3
15263
5058315
54
891
283607
6
803
8737
6256
9
1
3
2
9
3
4
3393560904
22
77
8
6
25
16
3
5
09
9
71
442904
38
77
6
28061
2
3
13
52
1111
758
0
5
1
3
3
6
05
38
7
7
42
6
42
39
941
833
81
44
34
7
2
1
2
32
3845
47241
5
82
00
75
9
751
12
07
80
381
65
8
7
9
7
7
84
681
24
2
11
157
7
00
0048
7797
6
8
76
84
5
14
163
17
170050
4
14
8
880
6
7
1
3011871
30
13
24
1
1
9
69
5
92
1
7264
7
19
5
5
798
2725
520
6
1
4
1
2797
5
98
84
9
1
1
9
7
4
442
6
0899
3
34
2
381
7
77
9
1
64
76
957
5
69
5
14
12
4
84
5
6
93
01
4
56
964052
4217
2
61
250
8
7
7376
546
4896
9778
4
74
5
41
8
905519550
5
29
25
27
4
2
69
4
0
0
26
6
33
0
7
1
4
9
11713
42
8
7
8
0
02
81
1
7
68
1
6110
807044
26
3
4
02
9
783
754
7
83
815
322
02
5
9744
655
4
2
5
6
4
7
44
5
5
01
88739
3
86
1
8
237
2
4
5
0
9
66
9
71
79
61842
42
9161
44
35
24
7002
67612556
7
16
7
66
639
076
36
5
23
22
15
65361
3
636
8
200
93
1
98
53
91
03
81
2
2
3
9
8
8
585
3
4674
77
823
60
8
1
544
56
422
552
16
456
33
8
2
9
9
662673
1
3
4723
4461
5
4
64
1
7
5
0
66
2
2
3
274
8
2
6
34
9
8
83
6
7
9
8
0
7
21
74
0
3
2
65
48
43
4
2
245
62
9
922
0
16
1
143
8
9
0
07
6
877
5
0
1
56
072
0156
9
67821
7
5
94
1
98
2
2
349
0
8
44
2
4
9
942
541
1222
83
98
2
62
91
7
62240
566027
81
3
60
2
848
654952
10
9
0
8
78423
133
8
36
328799
1
62
7
9
5
6
02
81
4792
868
5
1
50
3
818
85343
7
0
30
1
111
064
24
3
55
8
3
4
9
5
9
22
03
3
268
2
7
9
5
3
2
8
6
2
1
6
379
2
91
5274
244
36
5
37
0
463
87
1
9
361341
341
1
9
3
3609
6
8
947
5
1
41688659
6
8
46
00
49
37
9
815
9
3
3
6
7
76
3
123
2240
3
113
5348
5
9
26
7
6
6080
5
6
1
36
3
33
4
6
9321
5
325
942
7685
0
3
3
0135
4
2811
983
2
856
39
8
2
19
0
7
1
3
6
8
9
6
0
2
3848
87
0
170
5
68915
1
5
1
6
924
4338
448
1
31
1
36
14
62
372
524
4
4
6
6
59
6
8
9
63
6
4
1
5
7
31
07191
503
7883
0
95
06
5
003
681
7005
8
2
89428
12
4
349
21778
423
8
2
0
9
9
8
2
6
93
1436
62
9
5
6
1519
99
8759
9
7
5
19
8
8825
490
81
2
8
01
9
17
219
4
0
8
1
93
6
3
34
5
7267697
57
0
88
3
59216
9
697
76
4
4
8
21
8
1
08
1
5
58
9
1
5
3
4
13311
129
3
3
0
5
14315
7
809726
82
0
84
20
43655
1
941833
7077
836
9
74
5
66
02
6
9
759
3
12
59629
6
2
73
78
39
42
3
44
4
27
0
049
9
491
69
571
626
87
0
2
73156
6
7
5276
7
3
82
9
992
5
35
599
1
6
5
5
2
2
2
99
368
0
7
33
24
182
41
1
6
17
3
0
4
7
5
29
9
2
36
6
592
0
1
9
796904
2
10
6
53
136
56
55
5
62
7
03
241
0
30961
0
5
152
28
59
27
30
3109
2
2764
95
61
0
6
9264
65
1
0
900578
32
44
12
6
3
9
230
3597
6
28
7897
3
382
05
5
1
5
0
2
1
48
1
8
1
43638
86
6
4
8
6
3
4
710
0190
3
05753
30
07
4
345316
3
97
4
848
08
155
9
29
01
89
8
48
9
1
4
6038
1029
0
5879421
8260
2219
386
06
3
686
04
6
4
9
054
003422
1
72
01515
091
08932
112
3
7037
1
79232
8
25323
8
6
6
115429
39869
67
22
3
994
36
8
830
76
3
71
211224
1
69
9
9
51
59372
33862
8206
28529
9
1
1
1
3
5355390924
0
8
41
6
6
296
42
0
1
9
9
982095
0177
763
099
06
1
8
63
0
3
7
9767
11
42
14
8
2
1
8
404
16
32626
26
22
1394
3
62
862
539
162
3
4
1
7
128381
660101
02
73
948
78
0
34
8
1
4
5
7
7
28
000
1
2
4
41
061
79
13
3
747
9
50507705
0400209
99730
1
49
68061
93
78
9
659
379
56
8
212
83
84
0
233
1
84368
5
78
526
0
4400
2419
71
5
8
4
6
22
8
2
6
1989
9
5865
7
9
21
1208
8
6
78603
5
89
65
2
94
3
729
9
8
5
6
28
8
4
5
759
3
100
6
4
45
473
1
5
93
272
81162
8787
0
2
5639
0
9
1
02
6
2
116
80
915
02
10
5
63
337206
0460
0
4
89
15
16
366
77
21
5
7
5
1398
6
0
87
71121
280
7
3
6
9
3
0942
95
1
9
15
24
5644
38999
0
7
1
80
6
290
378
04
8
5670
8
4
6
621
96
9
6
02925
6
47
5
0
64
8
028
1
79
024
9
4956
2
367116
24
04625
4
3
2
804
3
438
7
83
0
8100
5
5
8
6
10
4765
43
0
2
310
31
8
6
0
5
2146
014
655
8
3
6
19
8
8
8
1227
8
3292
445
1862133
13
120
980
6
40
1
13
5
64
4
408
0
54
200
58
863
4676
296
4
841
22724
9
5
23
3
2
0393
09
74
7
8
4
4
8
1
17
6
47628
6
3
6
4
13
641
2
5264
8537
7
8
8295
160134
4
96
785
79
9671868
10
7
03
48
09
3
806
2512
4
81
22
32
56
9
9
6
142
1
873
6
1
9
77
8
3
17
4675
4
1
21
7
2245
831
49
46
6
3411
87
1
1846
0
97
4
5
7
11
8
6
6210399
9
9
0
73
8
72
34
3
42
4
672
4
1
4
49
877
4
3062
968
0
7
6
1
03
811
2
23
3
5
450
686
7
3772
36
9
01
9
698
518
87
24
8
8362
76
0
56
74793
68
2
0
85
7
45
95
77
5
77
0755
2
4
14
9
4
2
7
7
203
49
381773052
8
0947
377
31
3
83
6
2960
2
85354
5
6
4
5
9
091
68
0
92
1
988
0
8
48704
8
5
2
4
63
030
633
0
404
35
6
2
9
5
64
2
7314
5
6
51
7
336139
735
1
11
3
524
0
6
9
3223979
38
8
43
108
459
18
8
56
4579
289
5
5
2520
1
25
8
330
9
2
5
5
092
130
6
9
482
590
1
6
0
15
02
9215
98
2
10
38
9597985
39307
55
3630
9
7
88
8
63
08457
5
277
352
32
7
2
5
1
31
2
430060
6
8
18
89
01624
8
3
9
5
5
0
8945
6
98
16
5
2997
90
2882
35
6
52
18
7
93
4
9
25
4
38
3
45
6
4724
45
46530
2
023
83
104
5
5
20
0
12
13
4332
913
06
55
35
6
394
344954
8
562
1258
5
121
1304
70
68
2
88
0
0
1
495
657096
2
4
5
3
9
1
950737
7
7081
3
0
57
744
1
342
80
534760
9
9
75
7
3
2
36
07
4
9
5
562
0
4
8
0
5
2
37
623
5
2
45
073
3
5
0
1
52
0
55
7
35
8
9
112
17
2
6
645
6
058
3
423
2
295
246
8
50
27
51
71
770
93
4
90
63923
0
5
23554
2
3
55
0
02
4192
64
41
0
95456
287
7
4
23542495
11
93
33
82580
1350
50
5
0264696
6
53
0
4
4
56
8
03
3680
1
8
0
0
9
1
82
1
68
8
5651291
3
838
656
64
82
9757998
07350
7
7
1
457
9
4
6
07
024
782
7243244
19
3
85
47
4
987
6
15
9
2
80
0
38
6
29
594
275
8
9
2
49
061
5
34
7
98
88
28
9
60350942
385
11
8
4
8
0
7
470
998
2
01
1
09
2
9
182
187
6
81809
25
5
6151
17
0
87
68
00
07
0
9
374790
203
597874
6
6529
50
1
3463
8
501
1
8
1
16
6
190
48504
6
68
9
8
6
61
5
13
6
9
232
1
25
2
271
049
895
66
524
15
1
8
1
83998
5
904
1
89
25
43
8
4
59373
015
23
0
4
094
5282
2
74
85
04
2
52461
15509
6
5
666109
8
8
19
5
94
195
1524
32
8
0
9
69272
1
7
5
9
5
17
37
27939
4
71257
0
15621
88
16
4
2
1
9
2
2
872
4
7866
53494
34
234
4
945035
1
7
4
89
671
5
3057
2
40
2
7
061
6826
2029
8
8
9
1
14
7
4
0
8
702
7
65
8
09
2813
50
435
36
7
6
3
55
936868901
54
7
928
2
37
3
0
575
29
4
5
36490
0
4
0
8
9
9
04
46
2
1
2
735456
202
40
9
50
61231
1
96
9639
27
81
1860
65
4
5
7
85
14
3
1
44
07
123
9
1
99593
85
489
205
9555
0
4
3
9
6505078569
9658
78613
7
5
6
5
68
6
70
2
3
7
3
8
03372
208
90
18884
22
5
0
2
9036
1620
8
6
7
9
9
84
4
6
916
9
0216
0
156
3
1
693
4
7
7
3717
391063
96
20
82
33
4
41
4
1
668
3
7
4366
7
83
4
22
2
9
7
4
8
45
35
4
95840
17
19
8
1
9
5
4
92
0
221
77
2
06
1
6
0
5
2
69
7
55
3
53
31
686
90
0623889
3
750
6
25
2
2
77
2687
5
782
928
3689
7
3666
5
5
8
0704
33
5
9
06
1
31
66
56
4
96887
42470
2
0283
3
02
58
0204
2
7814
0
4
87
6
5
0
749
1645
34
3
3
80
2
8
4
3877931
94
785
9
37
1
3
2
8
81
4
2
5
6
0
1
7
0
5701542
0
2
01
0279
4
50
73
591
7
95
387
8
98
8
7
77
52
12
5
1
2
19
5
8
5
20
8
95
6466
3
80
33
0
54
7
48
34
12
8
91
4
910
2406
62
3
8
2
0
4
69
24
56
9
8
026
03
75
2460002
2438
0
0
54
352
530
56
1
0
5
513
35
57
58
251
8779
517984
0121
4
9
1
93
5
272331
83
08
774
71
3
7
444
00963
223
50
8
809
429
917
9
67
1
6
6
6
9
18
5
25636
024
95
5
40
1
8
71
5
5
4512209
28222
2
44
8
82
4
95
4
310346
6774
14
6
2
5
31
54
2
7
2
4564
62
020
00539
6
2
0794
510
81
171
61
4
4
7
71
1
2
50
53
49
3
48
1
845
6
3
3
7
37824
7
9
0
9
43
4566
4
4966
3
29966
9
917
23
9
876
21
270935
3
60
221
9
00
3
640
9
0
19
4
014
3
6
5
1
9
4439655
6
2
142
78
8
30
524
8
0
3378
7
6
11
4
4
2
6
2
5
0
4687
3
798
552
1
760
974
7
0
6
99
45
9
14
5
9
81
8
90233
0835
1
46
0952
33
636
8
2437
8831
48
94
76
1
1
1
584
62
3181
4
14
0
13
4
3
760
0
2
26
89
3
61
7
12248
52
58
8
5
25
2126
2791
9
80
2
83
7
52
7
979
14
079642
66
0
8
69
8
8
5
5
7
9327
05
4
63
2
6
6
6
2
9
46235
7
02
7
94
6
5
3
9
3
6
06
83
04
7
39
9
21
0
9
1
8
2
3
79
0
9
3
2756210009
67
76
6
835
76
2
19
6
194
3
3
5
659
608816
1
14
0
78
6
2
773
911
18
2
8254123
43
01
979
0
376
89
880474
14136
42
6
46
0348
3
94569282
5
5
26
5
14101
65769967
9362
3
26
8
8
9
67
86
00
48306
7767
5
958
8
8762
737
1
49
81
3
8
094
47
30
93
089
7
2
7
4167
232783
5
4
30
9
0
51
1
4304276617
7476
8
5
17
3329
75
2
955
5822
8
08492
07234
44
4
0
0
0114
7
424
619
35
4
54
3
6
8
02
0
5364823
5
4798
90
4
6149
9
1
83
35
98
41597
0
2
241
28
712
1
57
7
94
2
394
1
3
4
9
8
0
1
78650
00420
19
10
9
310
90
48
267
0
88
72
3
4674
5
81
9
1
87
05
9
4
47247
767558
007898
6
1
9
5
99
0
1
1
276
681
24
8927
0
4997
43
6
16
08
66
55
1
00
97
089
675
7
7
03
6
1
7
175
6
3
5
4
45
26
87
9
5
69
4
3780
9
2
3
8
3
9
8
3
424
69576724
46
2
0
274
46908
3
1647
7
33
48
6
6
537
83
4
460
8
3
87499769
3
0
0
7
1
5043
3171
0
926
9
62
5
1
94
0
243
8
794
60
88
74
97370
23
53
4986253
8
87
683
3
9
1597
06
0
93
303
2
69
3
6
8
506
6
2
48
3
375
7
92
6
16
19
9
7
95012
997
6739
06
9
98
5624
7
922
8
6
1
7
605
7
8
1
51
8710
2
8
6
32
1
4272
746
135
2072
43
46576
032
9
78
6
00
2
14
4
08
849
8
0
1
7
70719
4
6
1
57
6
147925
9
3334
58
50
2
6
22
7
456
128
9
39
0
11197
5
64
9
68
29
8
38
5
3
92
5
90652
7
36906
67
00
8
8
2
13
4
1
3740
36
75
62
09
72
7637
4
3
8
711
00
9
294504
3
990
4
9
1
08
66
942
9
41
473
0
369
5
859
546
9
9
8
4
599
912
7781
500399
45
8
3
4
3240805
4
06794
2
1
6370
3
81
6
98
17
6
33
8
78
3
3
6
0
4227
839
9
10
8
358906
599
2329
73
8
8194
1
39
7
3471
9
6
1869
2618658
6522
7
6347
27
2
7
5
0
3
838
55
4
92
97
0
0
4
2
2
6
8
30
4
5
7875
6
554
1
69
8363
69
7
992
54
4
5
00
0
77
9
96
7
78
2
6089
51
6
5
3
583
683
2
92
57
2
8
81
31
0
8
6
43
4
0
4583
0
58
89
41
98
877
8687
51
9
9
5
19724
6
69
0
41
4
5
3
8
3
51
565
283
09
7
147
5
1
1
598
3
90480
7
8
21
5952
2241
2
9
6
3930
112
3
3540
2
3
0
59
6
0
2
85
4181
2
6
2
76
89
0
88
7
4
1
6
4
7
9
4
3
96
0
0
5
9
608942
0
28
6
6
3578
83031
3
20
90
50
3
65
78
8376
8
98
85
06
7
5
322
14
00
3
0
86045
052
6303
122
8
2
8611
71
998
4614
2
56
83
23
364848
8
6
796
2
1
0
32
8
95
8
9
428
8
641
8
9
981
9
55
326
17
7733
5
4
3
8
341
8
9
4298
78
09
710
5
975
5
52
2695
271
7
62
8
1
0
9
01
1292
64221
64
68
0
811
1
757
0
8
07
7
8
979
5858538
3
3
2
7
6
309
0
7
23
0677
5
5
4598
74
528
5
28
519
891
3
831
233
789
6
7
897
16
417956
3
1
0301052
6
69
647
542
75
017
5
76
48
4
28547
2
7
985441
7
8
7
6
3
9
72
4
71
0650
6
958
03
2
6
9
57
94291
9
3
2
739
36
71
9
6
55
27
8
069
4
719
5
38135
36
80
897834
77
2
937
51
181
12
3
84
5
59
5
6
769
7
047
717
7
9963
2
0
338887
08
6
3
403
1
3
97
30
6
8
4
5
69927
7
263
222
8
9
81
681
8
5
6
65
8
9
9
6
5341
580
9
8
33
11
170
68
57
28
7
30
3
61
95279
7
8683
0
46
2
5
60
66821
3
9
158
964
92
591
383
47201
5
122456
1
28
143
63
9
7
1
8
26
7
59
80
4
5325
929
5
1
0
396
5
5
129
8
9
4
80
61
9
24
84
2
7578
55054
4
2
59444
9
5
2
4
7
36
5
5369
5
51
03
7
5
2
1
0
9
6
690
894
1
61
878
38
751
74
5
0
702
287
06
4
2
511
586
545
48
7
2
709
386
3
2
73
4
2
42
053
74895
395
3
8
79
93
357
1
18
8
51
173078
2
0
2163
17
4
7
8
388
5
06665
953
4
0200
2
4
1
3
6
5
8
3
9585
651
676
79732
1612
07
7
97
4
7
588
5
73245
959
259
606
7
84
668
8
397
042
3
72
2
1
01
72
0
4
5720
9
02
6
34
5430
76056
0
1
3225
306
156
5
66
7
9
7
7
09
8
3
885
86
7
9
4
8
9
5
5
7
5
4
10
23
9
3
0567
5892
84022
23
23
2
452522
15419
9
229
94
3
68181
674
1
8
8
17
36
42
005
807
8868
80116
7
1
4
1
2
268307259
920
49
6
7
35
422
04
670
84
718
9
7
2
96
50
215
7
350
552381
28
2
2
8
9
3
32
8
5716
084
8
7
4
989
24994
8
6248
9592
38
625
46
92324
4448754
4
6
0
855
3
6
23
97
7
3
0
9
6
29
7
48
4
629
83
6
90
0
55
1
86
56
506
7
310
2
96
3
420
1
7
5
8
3
79
14
6
7
3
92
386
3765
9
7
6
74
1649
66
7
5976
27
9
26
0
003
03
2
03
2
7
6
489
4
3254212
0
6035
83
919
5
0
0
2
3
56
11
03
76
1
04
2
3
7
4
8
3
8
20546
9
97
2
7
2
98
4
1
82318
06
9
60
0
87
74
461
3
9
5
2
6
7
2
5
723
6
8
8
333
41
3
1
9
84
4
37
5
4
09
0
44190
9
8
5
2
94
38
91
8
1
8
7
559
0
716
29
2
3
67
15
224
3
6
98
27
1
8
9
0
1
19
4
43
974
0205
1
9
53
3
10857983
0
9
9297849
554
27
43
98
9
06
69
2
12
544
50
9703
20
56
4
4
86
67
6
49
0
58
4
2
48
76
67
392
50
6
5
9
12
994
513
163
76
0
76624
87
901
464766
1
5
16
8
8
7
0
3
4
4
8
0
9
51
8
4
1983
5
8
6
33
92
6
4
2
7
9
7
30
5
4
2
9
87
2
3
131
6
0
6
4
5
413
0
40
608488033
2
11002354
2
0
3
19
42
1
7
04
1635
4
5
7060
8
76
8
19
259
2
94
9
2
967
0
5
8
0141
011
49
5
05
31
13
0
369
5
3
72
417780
926
08
846
6
80
8
61
8
34
6
481
7
132
650
8
98605
85
3
5
8
56
1
59743
1
4
43
3
6633488
263
1
0
9
3
556
2
09
598905
874
6
8
3
44
0
5
0
96
9
1
13
2
0
33
5
6
1
40
303
1
4
9
2
4
3
9
0
8
3
32
4
8
6
94
910
031
8
5
97
2
3
8
256
3
3
5
6
595
54
22
6873
3
56455
5
0
4
1
96
520
19
3
119
31
42
87
024
46
0
1
46
5
1
000
383
5
3
1
7
0
639
2
1
4
2
8
40
2184
22
48
3
9
5
7
49
5
35
8
10
2
7
748
6625
21
23013
1460
9
65
6
2
9
395
4
0
9697
73
5
2
5
328
753755
78357
1
8
650
6
36
5049
55
2
0
293
50
0
4
383
1
114
29705
0
9
2610
1
3
8
6655
65
7
5
60
2
1
0
84
553
4
51
1
40
0
911
28
3
76
7351
9439
41
0634
9725
0
665
9
6
21
37
06
9
03
4
0
98
8
73
22
2
62
1
03
9
5
9
2256
9
7
7
2
3
6
451
1
7
17
3
56
4
9
7
82
8
794
9666
86
042
38979271
4
74
98
85
6
175517
2
78
5
8
66
30
0
5
37
8
2
40
6
60
9
7
0
017593
89
39
10
4
7054
47
5
4241
1
29
5
230
1
48
2
2
4
4028
361
1
4
0
13
15
77
0
7896549
8411
06
71031
5
9
5
4
27
2
0529
2
16
8
76
34
534543
1
0576591
9
82
2
5
2269
8
6
9
30
0
8
7
06
9
95
627682
82
2
173
3
4
0
6
0
571
035
6
0
373
9255
003
482
5161
2
3
1
893
4
1
565
2
63
3
7
08
5
1
25
3724
1681580
82
78
1
8
2
59
7
3
86
7
90
94723
8
4
6
1
87
5225
323
9
3
1
5
1
2
3
22
634
33
2
3363
4
0
5
4
524
8
8
5
0
9
5816
7992
9
2899
953
002
7
53330
1
824
2
257
3
82390153
21
0
9
9
39
7805
8
8828911
5
456
754
86
9556246
7
6
8
32
19
7
7819
4
3595820
9
252
0
713
6
2
9
5
3
79
4
1
0552
876
63
90
1
1
4
93
6
40
30
9
86
9
6
8
4
936
811
7
0
879
5
4
61
1
77
51
6
8
3
35
021
45
204613
229
0
2222568
847
5
3344
8
13
24
6
5
83
497
6
50
8
2
5
2
74
20
4
3247
474308
4757
22
3
54093
0
61
0
9
41
9
7
6
0560
6
27
2
0
8
2
53
55
7
080
3
7
6
26
49
7
85
18
48
996
96
32
4
8
60
4
9720
7845
343
01
45
0
1
745
37
6
164
5220105
0
2
63
4
68
46
12
60432
461
2
45
28
22
58
46
4
8
6
46326
6
806
9
8
4
84
001
96
462
8
012
94
08
57431
765
3
4
9
71
6
338
56
4
4
2
719
89
8
6
6
213
3
446
9
64
0
1
8918
21
4
8
08
61
44
18
903
534
4
6
2
56
280
77
39971
83
8
8
3
8
27
15
6520
9
7
1859
17
0464
156
3
8
996
30
81
73
4
21
35
0870
0
365
7
72
9
0696
55
45
6
0
77
93
67
00
4
77
239305924
38
1324
10
4
447
7
1
655
624
0
6
46
20
028
8912
6
1
72088
036
621
0
079743754
1
28
9
0
34
2709
8
5
4638
503
5
5
6
0
5795
1292
0
1
4
3
9
6
3
8
8
1
504
0
65
75
665
794
7
0
7302
89
1
9
57
37
65
6
6
3
1
2
20
02
5
67
6
7
3
5
8
1
45
0
79
3
9
72
1596
26
61
9
8
2
9
420
0
2
084
71
538
52
55
51255
3
932
53
267
03
26
133
11
27
8654
2
165
505
48
11
8
89
189
10
2
74
4
57
5
2
0
9
82
8
3
1
2
39
02
6
4191
9
834
5561
7864
70
91
91
3
9683
002
2
28
3
0
786472623
5
142
12
8
2
8
76
72
1
9
5
6532
03
4
27185
4
08
6131
97
5
2938
6
3
4
8
5529
5
522
127
4
2349
876
7
8
947
671
7
5
5
500
2212
0139
4
414
2
00
00
0083
4
9
335
5
08
4
647
1422
241995
3
8
69
3
04
88
9
38257
28
8
4007
510
1
8
2
5
3
5
6
4
7
79
493
73
7
2
22
441248
37
87
9
8
8
7
9
46
113
0
7
988
32429216
768321
66
0108
9907
7
985
874
3
91
65
276
46
115
0
393
27
53
05
2
959
96
06
2
5669
62
3324
317561
33650
4
25
632
648
8
9
725797277
8783
04
319
31
8
3488
25
515
8
38
6109
673
9
5
10
02
0
8750
8
20
7
9
98556430
8
3
438
97
588574
8
97843
1
112
967
5
2811
8646
1
1
7
47
2
0
5
1
3178
6
5
8
641
86
5
5
8
26
806977
9
4
8
64
54
22156
95
6
1
80
208
4
5
18
4
4
6
0
9
4865
4
3
91
53
520
2896
6494
301591
4
3
38
042
137
43
5
7
6
451
721
39
08
3121138
27
1
32
74
51
1
90
3
4
18
3
474778
2
3
745
4
3
075
766
4
29
428
418
33
0
81
34439
46
336
0
9
7
9
311
4
3
12619
9
179
226
30
420
3
3081
43
284
557
98
5
4
5
1603393
7951
2123
3990
19
24
6
29
425
247
55641
2
22
9
0
82
765
19
8
8
93
59
8159
2
6
4
845
841
6
4
7
6
8
08
3309332
8
7
89
1
0
50
17
08
08
10
1768
5
1
9
91
3
86
8
8
29
6
499
6
9
2
161
6
2542
937
7
1
8
1
4
90
4
57
334
17
0
98
7
3096
816
5
8
369
1
2
9
2
65
01
42
8
0
813
4
0
33
6
30
7
885
3
4
9
79
7
46
916
2
2
4
5
4431
0
1
58527
1
1272
3
4
3
073
7109
47567
645
644
4
633
2
08
411
8
5
1
72
28
6
47
4
5
274
9
7
466
2
703
5429
97
13
0
8
67
241
8
2
63
707
0
2
2
8
52116
33
795
4
1214
49
4
2
4
011175
7
66
4
9
2
146
4
6
5
96
89607
67
34
8
7
9
34
5
9
19
1
8
6
05
81
22573280
8
9
9
6
7
6039219
2
921
7
66
134
25
727660
7
5
6
10
5
0523
92
43
88
307
52760
5
0
5
5
611
7
758
7
0
4
422
5
5
564
522
78
0
14
3
6
33
29
2
15
0
2
7
6
0
58710
1397
22
3
5
81
67
3
316
83
7
3
860
16
40
255
2
34365
51
3
2
7
7
08
235
6
2
3
5
2
851
7
1
8
3
046
39
35
5
3
0
7
4
9
7
0
4
09
5
045537
8
6
1
1
6
35
01
8
0
98176
6
998
3
7
0
1303105
4
8
5
3
5
9
29210
5
7
8
0
56
8
1
5
87
9
93
66
44
4
6
5
68
5
21
0
3
585
2
6
30
000
848
1850
5
60
80
6966
44312
2
39
9
0
4
7947
29
53
6
247
7
37
814
3
1
2
3
935454
27
3
7
0
33
9645
060
957
6
4
3
05336070
70
6
0
5
95
75
7
5
1
80
445
35
76
3
3
83
870
0
2
9
759
6
99
5
60
5
0785
28
3
04199
44
3
4
8
2728
7
8
08
6
1
9
61
62
80
02
1
8
209
11
83
0
7
20
36
44
29
0
851655
06
945
99
15
707
9
9
39
0
01
5
6
8
18
9
6
16
0639
8
6
7
0
67
08
1
4028495
2
0
046
274
4
986
4
4
9
8
42
2
6
6
830
64
1
35
4
11
61
3778
37
5
75
4
207
1
28
621
0
1
2
8
7
5
8
3
4
406
8
84
1
8
2
94
5
8
58
614
59012509
1
293
16483
8
3
37
8
8
4
2
22
9
54
4
0
8
39
8
834
3
63
0
7
1
6
8
87
8
1
1
9
11
5
2
5
58
4
7
46
0
2
569
05
164
1085
4
4
6
5
7652
92807
5315
1
59
25653
3
9
759
3
2
79
663
841
2
98
02
0
7
0884
52
2
8
8
1
5
7
08
65
8
0
36
17
88
442
5
2
267
56032
3
1
298
379
4
9
56
4
75
96
9
1
7
40020
971
50
1
6
4261
7
9
4
6
71
5
7
0
7
3
0
408
2
44297
8
93
59
56
07
03
7
92
76
956
8
9
819
33
61998
14273
913
99
62
9
7
8
4
69
9
0
285
25
8
9
00
3
5
6
521
99
7
34
8
31178
87
966
3
7
29
2
0
2
3
2
420
7
5
7
6
89
4
3
8
64
92
6
5
30
18
6323
08
3
778
04
0
18
2
41
189
4
8
9
9
798
3
0
81
5
1
3
07
2288
4
03
5
0
0
13957
655
1
88012
20
6530
236
37
1
7
1
7
8
5
76
61345
6
1
1099
8
9
257
40
746
13
6
65495
415
6
93039
25
0
1902
6
09
6
2
7
7658
721
23
2
27
4
3
7
7
3592
0
4
2
54
70
6
8489
42
25
9
97491
74
7730
521
148
76
3
6
81238519
29
70
857
880
258
2
9
9
111
6
37
1
1
8
8
5
61
30
8
4
486
57105
2
311
20
3
2
3
970
54
742
5
8935
92
9745
05
3
33
049
10
1
59
61
1
61
7538
5636
6
43
9
6
3
419059
36
55
221
7
48110218
15
55
0
333
033
356
9720
81
14
03
9199
5
4
2
217569
10
184
3597095
723
56223
1
3
8
9
4
26
01
3
57
1
2
9
148
3
6
8
751723
75
83
1
8
23
9
1
20642
59798
618
55
0246
34701
8545719
3
6
0
13
29
41
6566
4
70
6
163
90
63
7351
9
935
1
88
5
6
440
0
4
558
365
78
86
2
1073
693
11
0
3
3
9
4
4
6
25854
12123
22222
7825
38
04
75
9
75
4
6
0
9
450
23
366291
2
7
4
93
2
10
4
0
71
85
02
7
7464
5
458
9
0
4
731
3
8
55
8
79
991
7
5
95
0
9
1660
55
420
05759290
4
1
9
419
06
7
4
2
445
6
9
129
5
6
4
22844
5
8
4272
3533
0
5
8
3
16202
1767
79582
801
8
7
29944
7
22
9
01
232
3
1
874
03762858
56
4568637
22
48
5
86
41
0
94
8
4
53
2
5
5
373
128
966
5275082
1095
5
433
7
50
976
8
0
549
2
4
4
0
7
3524
33
62
509
9
34851
57723
68
92019
03
790
1
71
2
60272
40180587
2
7
2544
927
8
3
6
8
2
4
12
591
720
4
31
958
8
4
18
7
3
9
7
668
00
2
3
0
2
0
25519
34
5
0
7
786925
41
0
2
73
6
05
33
2
9
5
5
13
99
4
3
2
6
3960
5
71
00
14
2
3
82
882
5987
3
0
738
8
9
7
6
56
2
51
1
6215
749
7
6
822
7
9
2
330
26
18
815
887
3
5149
648
7193
785
9
8
2
9
7912
36
65473
1
34
4
5
9
559
1
5
18
2
3
87
9
6111
7661
2436
2
2
40
8
3
393
20
5
130
122
4
6856
2
8
75
1
5
8
7686
24
3899
35
52
1
36
3
4
2
92
0
4199
17
17
773
438
6
2
1
73
2
8
28
59
104
32
9485
4
190
1
5
9
97
4
4
2
73
3
40
05
5
93434
2
0
4
509
703
3
5
7
7339
7
457
41
4633
6
3
0201
26
416163
52
309
3
14
0
5
02
7
52
4436
0
885
3
87
36403
31
4
92
5
4
8
64
1
4
8
8
9
8
02
40
13
84
6
2
452062346
29
7092
177746
0
3
67
53
1
6551
1
017
9
3980
67162
559
36
7
56
3
71
5608
42
5
491
5
27
57
7
92
41
03
3
2
9
2993
2
4
007
4
329
0
5
2
373473
27
5
25
405
278392
9
25
3
8
5
5
2
6
19
392
88502
357
1
06
77
82
0
69
7
85
3
4
42
722
7
1
282
8654
3
3
702
2
04
54
5
16
9
95
3
53
6
53
9
49
086
9848
4
8
2
8
7
3
1
80
2
2
5
453
851
1
9
04006
0
3
83030804
84622
89865
2
0
050
5
16
6
7
1
0
6752
504
74
1260
9
0
490
6
11
8886
03
7
8
994
3
96
7
31
20
10
2942931481
670
4
12
9186
5
8
0
231
5
0
58
1164
5527813914
3
81
63
1
6
4
9
3411
10
18
0
389
11
5
1
71
19
4
8
534
9
05
6
880703
3
8
48
131
5748573
442
3
4
2
5
986
0874
57289
7
078
591
12
109809
1
93
27
3
7
94
3
188
407
7
18
468
10
9
2999
8
0215
2
6
450
5
96
93
52
4
944
8
9
1
7749366
7
92
781
2
76
0
6
6447
19
07
2
9
6778
5
77
49
6
6
410
43
644
02
0
90
7
246
6
5
8
60
4
12
1
72000
5514
3
42
7
78
23
0
8
9
06
18
04
99
1
6
64
8
4
7
03
27848
192410
8
102
81
1
7
6
90474
4
0
00
46
5
6
08
368
14
55
6
0
77
29
1
0
4
888
2
09851
70
83
19500
7
615985772
9
3
13
7
593842
25
912
59
0209358556
09
5
1
66
0
8
0
0
6
71
22
4762360
59
2
710
5
0
6
5
2
67
60
08
39
7026
322
80
6
7
0979
8
59
6
37
305
84
60
5
4
5
5
2
9
8
0
5
5364
68
76
045
91
7924
33885
6
1
0
4
1
95
11
9
5
434
3
575
2
0
2771
8
9
735
9
28
16
7
815668
52
6
6763
1
3
163
76
2
0
6
207
3
5135809
8
727980
29
1
0
282
0
5
0
30
7
3
40
9
124
5
159
41
766
5066
0
345841205
6
7
0938221
9
7
2
135478
2
34849
1
57
848
2
16
6
7
471
3
11
8770
74
578
7
35
6
011
4
2
8560
88
027
202
5
816
01
6
1041
8
29
1
04
4
5
9
96
35
06
022
1
6
7
435
2
77371
7581
96
3
82
6
0
20
64
4
9
5
87100989
73235
11
2
06
5
1636
33
3
96
93
49
7
63
0
2
2
54
3
832
71
07
46
0
93
108
9
73428
30
5403
534
3
5
8
9
84
9
54282
0350
17
8
29
3
6
28
69
91
60
691
895
19
4
448
22
2
83536643
7823
7
6
9
38
49
2
24
04
1
07702
1
53
3
88
28
67
20
82
1323
91
817
29
346
1
2
5203
60
5
904
9
7
06
61
184276
5
09
4
37
7
4
6
372
5
2
8
6
225612
13
525
520
992
3
9
10
23
0
48
0
8
7
2
322
26082
7
23
4
3
9
2
2
5
3
1
754
0
147
4946
1031
22
170439
650
817
2
3915
75
5
292
63
7
0255
2952166
105
68
1
295
9
3367
6
246
359
3
1
590
6
1
7234
5
0
2
8
028
72
40
5283
1
8
3227
39
8
7
6
4678
8
10
57
0
8
9
734
81
9
1
01
44
9
3
3
61
235
339
83
00
4
2
0687
1
5764
2
6
232
484
7
633
3
38145
874
76
54
65
1
99
2
721
8
4
9
863
98
8
2
8
982
52
7
935
6
4
1
69
3
13
8
0
2621
750
9
2
0517
631
128492
165
2
6
58
5
8
0
5252
31
2
3
66
45
5
9
5
82
9
7
6606
34
27
73
74
0
9
6
94
6880
27
152
51
89
0
83
86
3
8
6657
2
92
12
14
7
3
87
6
23
7
12
28
90095333
291
3
9
3
1
3
4
5
5303
2
9
010
35
32
5
002
286
9
51
5
5
13
822613
6
80
87
4
51
05
3
8
2
45
15
3
5
9
6
2
0
826226116
52
8
0870
4
82
5
3
04546
06
7
2
66
9
7
6
4
399
52
4
8188
3
0
018
8
31
9
6
56691175
2
5
32
294
6
63
2
7
50
0
4
302
33
31
3
9353
2
5
1
98
56
25
9
3
0857
71
40408
56
76
6
9
7
1
4
7260
5
6
0263
594
2
5
2
3
82
09
085
4
050
4
0
71
9
6
9
7324
5
5
8531
5
4
11
1
652
76
8
7
27
8
692
58
43
04
3
3
6
07
6
61
11
2514
4
4
1
29
4
701
005
41
377
24
896075369
65484
9
7878
2452133
6
7
974
1
09
67
9
04
7
4
640
503
66
97
1
342764
2
874
1
2
7
246
09
6
2
27
8
6
329
41
37
85
681
10
2
1
2
2
5
04
976
232
668892
9
7
6
21
8
3
7
1
0211
872
6
41
9
8450
3
04
3
8343
9938
7
76
80
67
4
3
4
9
888
8
3
0
2
691
47
76
7
4
2
7
366
3
3
47
2238
4
49
955
853
9
62
5
510
997
784
90
5372
88
6
9
6
3
2
7
6
0
18
1
9
35
1855
6
2394
9
56
308
4
09
60
648
32
3
257
4
8
0
67
68
0
8
1
2
23701
4
0
33
89
5
0
60
0
5
76
2590
4
6
0
5
4
4
2
5
3552
9
72
378
88
833
3
8
3
3
2
8330
572
10
95
16
1333796
2
444
19
7
29
4
78
1
38
581
4322
2
9
664
5
48
91
460893
6
86
8
9801
7
7
50
6
8
3
652
1
8
6
6
058
1
14
2
8
631
5
0
4
7
7
2741
1
6
00
0
4
13
0
71
1
03
3
8
5
12
9052
153
1
9
5
84
56
80
0
55
0982
0
1
8
4
0724
8
596071
97
4
3
1
6685
4
8
4
4
813
57
7
2
9
4
846
99
3
355
4
3
3
2
607
70
4
196052
3887
264
55
3
8
6
0
324
243795
372
6
03066
91
140
8
0
1433
992
7
2
2
0365
937
5048
507
0
95
231
4
4
199
27
0
292
6
27
9
200
09
9
6
7
9
378
5918
2
4
2
8
4
20
726
6
83
9
52
9
1
6
22
344
7
0
89
4
9
0
23262079
4
9
8
4327
5
28
3
9424303
05
403
75369
76
46
4
3
42
75
6
4
075
75
29
0
95
6
85
760
76
82
66
87
8
8
32
18007
4
38
564
3
707250
9
085722
65
7342349
2
4
90
078
6
943
6638
7062575
89
5
395
3
6
21
72
83
3
75
57277
5
18
9
0
7
960
1558
35535
8
1571
031
27
1
0
223
480
9
9
356
9
8
324
0
30
0
7
2
07
859
2986
66755511
241
035
954981
1
5
6
978
264
84
7503
4
7
37
3
54
1
6731
7
06447
7
09
34
3
9
2
5
36310
9
4
388
806
66
8
9
5
47
9
570
5
2
88
2819270494
6
1
31
5
21
91185450
0
1
4
36
565
38
2
3
8
4
043
500
818
06
4936
45677
9
6
35
8
9
747
2
5
63
64
1
1
1
1421
06
85
39
78
24
49
0383
81
07
01
805
7
565
76
99
49
1
5792485
97895
785
88
919
66
002
8
3
2630588
471
3
5
85
87
13
4
6
0
378
564
1
2
04
5
4219
9766
6
4
5
894
90
5
968
5
98
74
540
2
77
4
705705
4
7
69
19
27
52
64
8
0
3
24
9
4
1
09
44
4
0396
03
020
7
7
9
22
08677
5
8
8178076
0
9
8
2
2
3
28
8028
01
5
7
2
6
0
26
2
8
5
9
5
3
26
9
16
61
28
5
5
7
7
5
6
47
890
229
8495
0
3
34057
4383829
6873
85
335
7
84
5
8919
53
474
3
8
7
29
1
3848
0
1
19
6
3
787
93859484
583
9558
121
1
1
7
51
5
49
11
06
17
00
9358
93
912
0
3
5
1
3042
562481
8
3
6
3
6
50
6
22
0
55
9
60
6
3
4
0
88
23
529852
3
4
8
0
69
61
3
1
0
5676
9228
61
78
4
828
3
7
809
66
92
9
99
70
8
4282
80
278
3
6
1
8
0
70
55
47
246
7
412
6
1
089
9
1
206
4
6
4
9
5
47
93
13
384874
5
2
97
4073
9
0
252
563
4
5
1
959
8
29
5
66
9
6
710
62784
8
6
7
61
455
9181
1
44569
7
2
13579
95
71739
63
50
1
04
50146272
4
1
19
1
99
67
360
25
657223
7
430
6
1
9
24
09
1265881
8313983450
5
201
324
24
246
2
8
9
8
8
7
0
3
0
06
231
1
4
8904
0
2
7
479
2117
6
30
4
7
4
45
082
5
8
06
97
07
2
396
0666
6
7
67
82
7
5
2947443
83
4458
3
5
7
88
69
6
3
2
4
6
0
6
45
2
105
2
98
402
7468
147
6
9
1
19
201
2531770
04
30
1
4
66465
4
87
0
004
2
3
0
3
996
3
25350
8
48
8
3
864806388
6
3
8664
2
0
8
9
64
66
0
547791
1
9
110
5756
4
81
9
81925
110
50
8
68
31
938
57
33
42
7
6549129
7
93
083
6
19
5
548
43
43009
43976
5
520
12
6
7
6
3
0
465
104
2
1
05
4154
0
78
0
71
426
6
1
110826
7
56
141
80
44
5
22947192
41469
61
5
702608
6
563
572
958664611
70
629
